image_00000 522 419 571 475
image_00001 520 419 568 472
image_00002 517 420 570 475
image_00003 519 417 574 477
image_00004 520 417 575 476
image_00005 520 417 575 477
image_00006 521 414 573 475
image_00007 520 415 573 474
image_00008 519 414 573 476
image_00009 516 414 573 476
image_00010 514 414 572 477
image_00011 514 414 572 478
image_00012 512 414 571 477
image_00013 515 384 574 481
image_00014 512 382 573 480
image_00015 515 384 599 482
image_00016 521 384 604 482
image_00017 513 388 607 482
image_00018 513 390 611 482
image_00019 505 390 617 484
image_00020 509 390 614 483
image_00021 512 391 612 483
image_00022 508 390 617 484
image_00023 508 388 612 484
image_00024 508 390 610 484
image_00025 509 391 611 484
image_00026 540 393 615 484
image_00027 506 393 617 485
image_00028 506 395 619 486
image_00029 546 393 614 487
image_00030 547 394 617 477
image_00031 551 392 612 486
image_00032 551 391 614 488
image_00033 552 391 611 488
image_00034 558 392 610 491
image_00035 558 390 613 491
image_00036 554 392 616 490
image_00037 555 392 611 493
image_00038 555 394 629 490
image_00039 555 400 631 494
image_00040 553 402 630 495
image_00041 554 401 629 496
image_00042 551 382 631 494
image_00043 550 382 631 492
image_00044 546 380 630 492
image_00045 571 381 630 436
image_00046 572 384 631 437
image_00047 574 383 630 434
image_00048 578 381 629 435
image_00049 579 382 627 431
image_00050 580 384 626 428
image_00051 582 386 627 427
image_00052 589 385 627 426
image_00053 590 385 629 425
image_00054 589 387 628 425
image_00055 592 385 628 423
image_00056 592 388 626 422
image_00057 599 387 624 419
image_00058 598 387 622 417
image_00059 598 385 620 415
image_00060 600 385 620 414
image_00061 598 386 618 413
image_00062 590 389 614 410
image_00063 595 386 613 409
